020101003801202408
020101012701202408
020101012709202408
020101013501202408
020101013509202408
020101014301202408
020101014307202408
020101014309202408
020101016001202408
020101016009202408
020101020801202408
020101020809202408
020101024001202408
020101024007202408
020101024009202408
020101025901202408
020101026701202408
020101026707202408
020101026709202408
020101027503202408
020101027507202408
020101027509202408
020101030501202408
020101030507202408
020101030509202408
020101031301202408
020101031307202408
020101031309202408
020101032101202408
020101032107202408
020101032109202408
020101033001202408
020101033007202408
020101033009202408
020101040201202408
020101040207202408
020101040209202408
020101053401202408
020101053409202408
020101055001202408
020101055009202408
020904003301202408
020904003307202408
020904003309202408
020904005001202408
020904005007202408
020904005009202408
021105009101202408
021105010503202408
021105010507202408
021105010509202408
021105014801202408
030106001003202408
030106001007202408
030106007001202408
030106007003202408
030106007007202408
030106007009202408
030106008803202408
030109001703202408
030109001709202408
030109001713202408
030109002503202408
030109002509202408
030109002513202408
030301001003202408
030301001007202408
030301002903202408
030301002907202408
030301003703202408
030301003707202408
030301004503202408
030301004507202408
030301005303202408
030301005307202408
030301006103202408
030301006107202408
030301007003202408
030301007007202408
030301008803202408
030301008807202408
030301009603202408
030301009607202408
030301010003202408
030301010007202408
030301011803202408
030301011807202408
030301012603202408
030301012607202408
030301013403202408
030301013407202408
030301014203202408
030301014207202408
030301015003202408
030301015007202408
030301016903202408
030301016907202408
030301017703202408
030301017707202408
030301018503202408
030301018507202408
030301019303202408
030301019307202408
030301020703202408
030301020707202408
030301021503202408
030301021506202408
030301021507202408
030302003203202408
030302003207202408
030302004003202408
030302004007202408
030302005903202408
030302005907202408
030302006703202408
030302006707202408
030302007503202408
030302007507202408
030302008303202408
030302008307202408
030303001107202408
030303001111202408
030303002003202408
030303002007202408
030303003803202408
030303003807202408
030303004603202408
030303004607202408
030303005403202408
030303005407202408
030303006203202408
030303006207202408
030304001703202408
030304001707202408
030304002503202408
030304002507202408
030304003303202408
030304003307202408
030304004103202408
030304004107202408
030304005003202408
030304005007202408
030304006803202408
030304006807202408
030304007603202408
030304007607202408
030304008401202408
030304008403202408
030304008407202408
030304009201202408
030304009203202408
030304009207202408
030304010603202408
030304010607202408
030304011401202408
030304011403202408
030304011407202408
030304012201202408
030304012203202408
030304012207202408
030304013003202408
030304013007202408
030304014903202408
030304014907202408
030304015703202408
030304015707202408
030304016503202408
030304016507202408
030304017303202408
030304017307202408
030304018103202408
030304019003202408
030304019007202408
030304020303202408
030304020307202408
030304021103202408
030304021107202408
030304022003202408
030304022007202408
030304023803202408
030304023807202408
030304024603202408
030304024607202408
030304025403202408
030304025407202408
030304026203202408
030304026207202408
030304027003202408
030304027007202408
030304028903202408
030304029703202408
030304029707202408
030304030003202408
030305013603202408
030305013607202408
030305014403202408
030305014407202408
030306001803202408
030306001807202408
030306002603202408
030306002607202408
030306003403202408
030306003407202408
030306004203202408
030306004207202408
030306005003202408
030306005007202408
030306006903202408
030306006907202408
030306007703202408
030306007707202408
030306008503202408
030306008507202408
030306009303202408
030306009307202408
030306010703202408
030306010707202408
030306011503202408
030306011507202408
030306012303202408
030306012307202408
030306013103202408
030306013107202408
030306014003202408
030306014007202408
030306015803202408
030306015807202408
030306016603202408
030306016607202408
030306017403202408
030306017407202408
030306018203202408
030306018207202408
030306019003202408
030306019007202408
030306020403202408
030306020407202408
030306021203202408
030306021207202408
030306022001202408
030306022003202408
030306022007202408
030306023903202408
030306023907202408
030306024703202408
030306024707202408
030306025503202408
030306025507202408
030306026303202408
030306026307202408
030306027103202408
030306027107202408
030306028003202408
030306028007202408
030306029803202408
030306029807202408
030306030103202408
030306030107202408
030307006403202408
030307006407202408
030307007203202408
030307007207202408
030307008003202408
030307008007202408
030307009903202408
030307009907202408
030307010203202408
030307010207202408
030307011003202408
030307011007202408
030307012903202408
030307012907202408
030307013701202408
030308004303202408
030308004307202408
030308005103202408
030308005107202408
030308006003202408
030308006007202408
030308007803202408
030308007807202408
030308008603202408
030308008607202408
030308009403202408
030308009407202408
030309013803202408
030309013807202408
030309013809202408
030309019703202408
030309019707202408
030309019709202408
030309023503202408
030309023507202408
030309023509202408
030309031603202408
030309031607202408
030310001002202408
030310001003202408
030310001007202408
030310002802202408
030310002803202408
030310002807202408
030310003602202408
030310003603202408
030310003607202408
030310004402202408
030310004403202408
030310004407202408
030310005202202408
030310005203202408
030310005207202408
030311001503202408
030311001507202408
030311002303202408
030311002307202408
030311003103202408
030311003107202408
030311004003202408
030311004007202408
030311005803202408
030311005807202408
030311006603202408
030311006607202408
030311007403202408
030311007407202408
030311008203202408
030311008207202408
030311009003202408
030311009007202408
030311010403202408
030311010407202408
030311011203202408
030311011207202408
030313001604202408
030313002404202408
030313003204202408
030313004004202408
030313005904202408
030313006704202408
030313007504202408
030313008304202408
030314002003202408
030314002007202408
030314003803202408
030314003807202408
030314004603202408
030314004607202408
030314005403202408
030314005407202408
030314006203202408
030314006207202408
030314007003202408
030314007007202408
030314008903202408
030314008907202408
030314009703202408
030314009707202408
030314010003202408
030314010007202408
030314011903202408
030314011907202408
030314012703202408
030314012707202408
030314013503202408
030314013507202408
030314014303202408
030314014307202408
030314015103202408
030314015107202408
030315001703202408
030315001707202408
030315002503202408
030315002507202408
030315003303202408
030315003307202408
030315004103202408
030315004107202408
030315005003202408
030315005007202408
030315006803202408
030315006807202408
030316001207202408
030316002007202408
030316003907202408
030316004707202408
030316005507202408
030316006307202408
030316007107202408
030317009305202408
030317009307202408
030317010707202408
030317010714202408
030317013102202408
030317013103202408
030317013105202408
030317013107202408
030317013187202408
030317014002202408
030317014003202408
030317014005202408
030317014007202408
030317014087202408
030317015802202408
030317015803202408
030317015805202408
030317015807202408
030317015887202408
030317016602202408
030317016603202408
030317016605202408
030317016607202408
030317016687202408
030317017402202408
030317017403202408
030317017405202408
030317017407202408
030317017487202408
030317018202202408
030317018203202408
030317018205202408
030317018207202408
030317018287202408
030317019005202408
030317019007202408
030317020405202408
030317020407202408
030318001303202408
030318001307202408
030318003003202408
030318003007202408
030318004803202408
030318004807202408
030318005603202408
030318005607202408
030318006403202408
030318006407202408
030318007207202408
030318007210202408
030319001903202408
030319001907202408
030319001908202408
030401011103202408
030401011107202408
030401035903202408
030401035907202408
030401049903202408
030401049907202408
030401059603202408
030401059607202408
030408002003202408
030408002007202408
030408003903202408
030408003907202408
030408003909202408
030408004703202408
030408006303202408
030409001803202408
030409001807202408
030409002603202408
030409002607202408
030409003403202408
030409003407202408
030409004203202408
030409004207202408
030410001303202408
030410001307202408
030410001309202408
030410002103202408
030410002107202408
030501017403202408
030501017407202408
030502001303202408
030502001307202408
030502002103202408
030502002107202408
030502003003202408
030502003007202408
030502004803202408
030502004807202408
030502005603202408
030502005607202408
030701005801202408
030701005803202408
030701005807202408
030701005809202408
030702003701202408
030702003703202408
030702003707202408
030702003709202408
030702004501202408
030702004503202408
030702004507202408
030702004509202408
030702005301202408
030702005303202408
030702005307202408
030702005309202408
030702006101202408
030702006103202408
030702006107202408
030702006109202408
030702008801202408
030702008803202408
030702008807202408
030702008809202408
030702009601202408
030702009603202408
030702009607202408
030702009609202408
030702010001202408
030702010003202408
030702010007202408
030702010009202408
030702011801202408
030702011803202408
030702011807202408
030702011809202408
030703003201202408
030703003203202408
030703003207202408
030703003209202408
030704001101202408
030704001103202408
030704001107202408
030704001109202408
030704006201202408
030704006203202408
030704006207202408
030704006209202408
030704008901202408
030704008903202408
030704008907202408
030704008909202408
030801001901202408
030801001903202408
030801001907202408
030801002703202408
030801002707202408
030801003501202408
030801003503202408
030801003507202408
030801004301202408
030801004303202408
030801004307202408
030802002203202408
030802002207202408
030802003003202408
030802003007202408
030803001003202408
030803001007202408
030803002803202408
030803002807202408
030803003601202408
030803003603202408
030803003607202408
030803003683202408
030804001501202408
030804001503202408
030804001507202408
030804002303202408
030804002307202408
030901003901202408
030901003903202408
030901003907202408
031001003901202408
031001003902202408
031001003903202408
031001004701202408
031001004702202408
031001004703202408
031001005502202408
040102001001202408
040102001007202408
040102001009202408
040102002901202408
040102002907202408
040102002909202408
040102003701202408
040102003707202408
040102003709202408
040102004501202408
040102004507202408
040102004509202408
040102005301202408
040102005307202408
040102005309202408
040102006101202408
040102006107202408
040102006109202408
040102007001202408
040102007007202408
040102007009202408
040102008801202408
040102008807202408
040102008809202408
040102009601202408
040102009607202408
040102009609202408
040102010001202408
040102010007202408
040102010009202408
040102011801202408
040102011807202408
040102011809202408
040102012601202408
040102012607202408
040102012609202408
040102013401202408
040102013409202408
040102014201202408
040102014207202408
040102014209202408
040102015001202408
040102015007202408
040102015009202408
040102016901202408
040102016907202408
040102016909202408
040201001901202408
040201001907202408
040201002701202408
040201002707202408
040201003501202408
040201003507202408
040201003509202408
040201004301202408
040201004307202408
040201004309202408
040201005101202408
040201005107202408
040202001401202408
040202001407202408
040202002201202408
040202002207202408
040301001201202408
040301001207202408
040301002001202408
040301002007202408
040301003901202408
040301003907202408
040301004701202408
040301004707202408
040301005501202408
040301005507202408
040301006301202408
040301006307202408
040301007101202408
040301007107202408
040301008001202408
040301008007202408
040301008009202408
040301009801202408
040301009807202408
040301010101202408
040301010107202408
040301011001202408
040301011007202408
040301012801202408
040301012807202408
040301013601202408
040301013607202408
040301014401202408
040301014407202408
040301015201202408
040301015207202408
040301016001202408
040301016007202408
040301017901202408
040301017907202408
040301018701202408
040301018707202408
040301019501202408
040301019507202408
040301020901202408
040301020907202408
040301021701202408
040301021707202408
040301022501202408
040301022507202408
040301023301202408
040301023307202408
040301024101202408
040301024107202408
040301025001202408
040301025007202408
040301026801202408
040301026807202408
040301027601202408
040301027607202408
040301028401202408
040301028407202408
040301029201202408
040301029207202408
040301030601202408
040301030607202408
040301031401202408
040301031407202408
040301032201202408
040301032207202408
040301033001202408
040301033007202408
040301034901202408
040301034907202408
040301035701202408
040301035707202408
040301036501202408
040301036507202408
040301039001202408
040301039003202408
040301039007202408
040302001801202408
040302001807202408
040302002601202408
040302002607202408
040302003401202408
040302003407202408
040302004201202408
040302004207202408
040302005001202408
040302005007202408
040302006901202408
040302006907202408
040302007701202408
040302007707202408
040302007709202408
040302008501202408
040302008507202408
040302008509202408
040302009301202408
040302009307202408
040302009309202408
040302010701202408
040302010707202408
040302011501202408
040302011507202408
040302012301202408
040302012307202408
040302012309202408
040302013101202408
040302013107202408
040303001301202408
040303001307202408
040303002101202408
040303002107202408
040303003001202408
040303003007202408
040303004801202408
040303004807202408
040303005601202408
040303005607202408
040303006401202408
040303006407202408
040303008001202408
040303008007202408
040303009901202408
040303009907202408
040303010201202408
040303010207202408
040303011001202408
040303011007202408
040303012901202408
040303012907202408
040303013701202408
040303013707202408
040303014501202408
040303014507202408
040303015301202408
040303015307202408
040303016101202408
040303016107202408
040304001901202408
040304001907202408
040304002701202408
040304002707202408
040304005101202408
040304005107202408
040304006001202408
040304006007202408
040304007801202408
040304007807202408
040304008601202408
040304008607202408
040304009401202408
040304009407202408
040304010801202408
040304010807202408
040304011601202408
040304011607202408
040304012401202408
040304012407202408
040305003001202408
040305003003202408
040305003007202408
040305004901202408
040305004907202408
040305005701202408
040305006501202408
040305006507202408
040305007301202408
040305007307202408
040305009001202408
040305009007202408
040305009009202408
040305010301202408
040305010307202408
040305010309202408
040305011101202408
040305011107202408
040305012001202408
040305012007202408
040305013801202408
040305013807202408
040305014601202408
040305014607202408
040305015401202408
040305015407202408
040305016201202408
040306001001202408
040306001007202408
040306002801202408
040306002807202408
040306003601202408
040306003607202408
040306004401202408
040306004407202408
040306005201202408
040306005207202408
040306006001202408
040306006007202408
040306007901202408
040306007907202408
040306008701202408
040306008707202408
040306009501202408
040306009507202408
040307001501202408
040307004001202408
040307004007202408
040307005801202408
040307005807202408
040307008201202408
040307009001202408
040307010401202408
040307011201202408
040307012001202408
040307013901202408
040307013907202408
040307014701202408
040307014707202408
040307015501202408
040307015507202408
040307016301202408
040307016307202408
040307017101202408
040308001001202408
040308002901202408
040308003701202408
040308004501202408
040308005301202408
040308005307202408
040308006101202408
040308007001202408
040308007007202408
040308008801202408
040308008807202408
040308009601202408
040308009607202408
040308010001202408
040401001601202408
040401001605202408
040401001609202408
040401002401202408
040401002407202408
040401002409202408
040401003201202408
040401003207202408
040401003209202408
040401004001202408
040401004007202408
040401004009202408
040401005901202408
040401005907202408
040401005909202408
040401006701202408
040401006707202408
040401006709202408
040401008301202408
040401008307202408
040401008309202408
040401010501202408
040401010507202408
040401010509202408
040401011301202408
040401011307202408
040401011309202408
040401012101202408
040401012107202408
040401012109202408
040401013001202408
040401013007202408
040401013009202408
040401014801202408
040401014807202408
040401014809202408
040401016401202408
040401016407202408
040401016409202408
040401017201202408
040401017207202408
040401018001202408
040401018007202408
040401019901202408
040401019907202408
040401020201202408
040401020207202408
040401021001202408
040401021007202408
040401021009202408
040401022901202408
040401022907202408
040401022909202408
040401023701202408
040401023707202408
040401023709202408
040401028801202408
040401028807202408
040401028809202408
040401031801202408
040401031807202408
040401031809202408
040401032601202408
040401032607202408
040401032609202408
040401033401202408
040401033407202408
040401033409202408
040401035001202408
040401035007202408
040401035009202408
040401037701202408
040401037707202408
040401037709202408
040401038501202408
040401038507202408
040401038509202408
040401040701202408
040401040707202408
040401040709202408
040401041501202408
040401041507202408
040401041509202408
040401043101202408
040401043107202408
040401045801202408
040401045807202408
040401046601202408
040401046607202408
040401046609202408
040401047401202408
040401047407202408
040401047409202408
040401048201202408
040401048207202408
040401048209202408
040401049001202408
040401049007202408
040401049009202408
040401050401202408
040401050407202408
040401050409202408
040401051201202408
040401051207202408
040401051209202408
040401052001202408
040401052007202408
040401052009202408
040401053901202408
040401053907202408
040401053909202408
040401054701202408
040401054707202408
040401055501202408
040401055507202408
040401055509202408
040401056301202408
040401056309202408
040401057101202408
040401057107202408
040401058001202408
040401058007202408
040401059801202408
040401059807202408
040401060101202408
040401060107202408
040401061001202408
040401061007202408
040401062801202408
040401062807202408
040401063601202408
040401063607202408
040401064401202408
040401064407202408
040401065201202408
040401065207202408
040402001101202408
040402001107202408
040402001109202408
040402003801202408
040402003807202408
040402003809202408
040402004601202408
040402004607202408
040402004609202408
040402006201202408
040402006207202408
040402007001202408
040402007007202408
040402007009202408
040402008901202408
040402008907202408
040402008909202408
040402010001202408
040402010003202408
040402010007202408
040402010009202408
040402011901202408
040402011907202408
040402011909202408
040402013501202408
040402013507202408
040402014301202408
040402014307202408
040402014309202408
040402017801202408
040402017807202408
040402020801202408
040402020807202408
040402020809202408
040402022401202408
040402022407202408
040402023201202408
040402023207202408
040402023209202408
040402024001202408
040402024007202408
040402024009202408
040402027501202408
040402027507202408
040402029101202408
040402029107202408
040402031301202408
040402031307202408
040402031309202408
040402032101202408
040402032107202408
040402032109202408
040402034801202408
040402034807202408
040402034809202408
040402035601202408
040402035607202408
040402035609202408
040402038001202408
040402038007202408
040402039901202408
040402039907202408
040402039909202408
040402042901202408
040402042907202408
040402042909202408
040402045301202408
040402045307202408
040402045309202408
040402046101202408
040402046107202408
040402046109202408
040402047001202408
040402047007202408
040402047009202408
040402048801202408
040402048807202408
040402048809202408
040402049601202408
040402049607202408
040402050001202408
040402050007202408
040402051801202408
040402051807202408
040402051809202408
040402052601202408
040402052607202408
040402053401202408
040402053407202408
040402054201202408
040402054207202408
040402054209202408
040402055001202408
040402055007202408
040402056901202408
040402056907202408
040402056909202408
040402057701202408
040402057707202408
040402057709202408
040402058501202408
040402058507202408
040402059301202408
040402059307202408
040402060701202408
040402060707202408
040402064001202408
040402064007202408
040402064009202408
040402065801202408
040402065807202408
040402065809202408
040402066601202408
040402066607202408
040402066609202408
040402069001202408
040402069007202408
040402070401202408
040402070407202408
040402071201202408
040402071207202408
040402071209202408
040402072001202408
040402072007202408
040402073901202408
040402073907202408
040402077101202408
040402077107202408
040402077109202408
040402078001202408
040402078007202408
040402079801202408
040402079807202408
040402079809202408
040403001701202408
040403001707202408
040403001709202408
040403003301202408
040403003307202408
040403004101202408
040403004107202408
040403004109202408
040403005001202408
040403005007202408
040403005009202408
040403006801202408
040403006807202408
040403006809202408
040403007601202408
040403007607202408
040403007609202408
040403008401202408
040403008407202408
040403008409202408
040403010601202408
040403010607202408
040403010609202408
040403012201202408
040403012207202408
040403012209202408
040403013001202408
040403013007202408
040403013009202408
040403015701202408
040403015707202408
040403015709202408
040403016501202408
040403016507202408
040403016509202408
040403017301202408
040403017307202408
040403017309202408
040403019001202408
040403019007202408
040403019009202408
040403022001202408
040403022007202408
040403022009202408
040403024601202408
040403024607202408
040403024609202408
040403025401202408
040403025407202408
040403025409202408
040403026201202408
040403026207202408
040403026209202408
040403027001202408
040403027007202408
040403027009202408
040403028901202408
040403028907202408
040403029701202408
040403029707202408
040403030001202408
040403030007202408
040403031901202408
040403031907202408
040403031909202408
040403032701202408
040403032707202408
040501001001202408
040501001007202408
040501001009202408
040501002801202408
040501002807202408
040501002809202408
040501003601202408
040501003607202408
040501003609202408
040501007901202408
040501007907202408
040501007909202408
040501008701202408
040501008707202408
040501008709202408
040501011701202408
040501011707202408
040501011709202408
040501012501202408
040501012507202408
040501012509202408
040501013301202408
040501013307202408
040501013309202408
040501015001202408
040501015007202408
040501015009202408
040501017601202408
040501017607202408
040501017609202408
040502001501202408
040502001507202408
040502001509202408
040502002301202408
040502002307202408
040502002309202408
040503001001202408
040503001007202408
040503001009202408
040503002901202408
040503002907202408
040503002909202408
040503007001202408
040503007007202408
040503007009202408
040503009601202408
040503009607202408
040503009609202408
040503011801202408
040503011807202408
040503011809202408
040503013401202408
040503013407202408
040503013409202408
040503014201202408
040503014207202408
040503014209202408
040503016901202408
040503016907202408
040503016909202408
040503017701202408
040503017707202408
040503017709202408
040503018501202408
040503018507202408
040503019301202408
040503019307202408
040503020701202408
040503020707202408
040503020709202408
040504001601202408
040504001607202408
040504001609202408
040504002401202408
040504002407202408
040504002409202408
040504004001202408
040504004007202408
040504004009202408
040504005901202408
040504005907202408
040504005909202408
040504006701202408
040504006707202408
040504006709202408
040504007501202408
040504007507202408
040504007509202408
040504008301202408
040504008307202408
040504008309202408
040504009101202408
040504009107202408
040504009109202408
040504010501202408
040504010507202408
040504010509202408
040504014801202408
040504014807202408
040504014809202408
040504015601202408
040504015607202408
040504015609202408
040504016401202408
040504016407202408
040504016409202408
040504018001202408
040504018007202408
040504020201202408
040504020207202408
040504020209202408
040504021001202408
040504021007202408
040504021009202408
040505001101202408
040505001107202408
040505001109202408
040505004601202408
040505004607202408
040505004609202408
040505005401202408
040505005407202408
040505005409202408
040505009701202408
040505009707202408
040505009709202408
040505010001202408
040505010007202408
040505010009202408
040505011901202408
040505011907202408
040505011909202408
040505013501202408
040505013507202408
040505013509202408
040505014301202408
040505014307202408
040505014309202408
040505015101202408
040505015107202408
040505015109202408
040505018601202408
040505018607202408
040505018609202408
040505021601202408
040505021607202408
040505021609202408
040505022401202408
040505022407202408
040505022409202408
040505023201202408
040505023207202408
040505023209202408
040505031301202408
040505031307202408
040505031309202408
040505032101202408
040505032107202408
040505032109202408
040505035601202408
040505035607202408
040505035609202408
040505037201202408
040505037207202408
040505037209202408
040505038001202408
040505038007202408
040505038009202408
040505039901202408
040505039907202408
040505039909202408
040505040201202408
040505040209202408
040601001301202408
040601001307202408
040601002101202408
040601003001202408
040601004801202408
040601005601202408
040601006401202408
040601007201202408
040601007207202408
040601008001202408
040601009901202408
040601010201202408
040601010207202408
040601011001202408
040601011007202408
040601013701202408
040601013707202408
040601015301202408
040601015307202408
040601016101202408
040601017001202408
040601017007202408
040601018801202408
040601019601202408
040601019607202408
040601020001202408
040601020007202408
040601021801202408
040601021807202408
040601022601202408
040601022607202408
040601023401202408
040601024201202408
040601025001202408
040601025007202408
040601026901202408
040601026907202408
040601027701202408
040601027707202408
040601028501202408
040601028507202408
040601029301202408
040601030701202408
040601031501202408
040601032301202408
040601033101202408
040601033107202408
040601034001202408
040601035801202408
040601036601202408
040601036607202408
040601037401202408
040601037407202408
040601038201202408
040601039001202408
040601039007202408
040601040401202408
040601041201202408
040601041207202408
040601042001202408
040601042007202408
040601043901202408
040601044701202408
040601044707202408
040601045501202408
040601046301202408
040601046307202408
040601047101202408
040601047107202408
040601048001202408
040601049801202408
040601049807202408
040601050101202408
040601051001202408
040601051007202408
040601052801202408
040601052807202408
040601053601202408
040601054401202408
040601055201202408
040601056001202408
040601056007202408
040601056009202408
040601057901202408
040601058701202408
040601058709202408
040601059501202408
040601060901202408
040601061701202408
040601062501202408
040601063301202408
040601063309202408
040601064101202408
040601064107202408
040601064109202408
040601065001202408
040601065009202408
040601066801202408
040601066807202408
040601066809202408
040601067601202408
040601067607202408
040601067609202408
040601068401202408
040601068407202408
040601068409202408
040601069201202408
040601069207202408
040601070601202408
040601071401202408
040601071407202408
040601071409202408
040601073001202408
040601075701202408
040601075707202408
040601076501202408
040601076507202408
040601077301202408
040601077307202408
040601078101202408
040601078107202408
040601079001202408
040601079009202408
040601080301202408
040601080307202408
040601081101202408
040601082001202408
040601082007202408
040601083801202408
040601084601202408
040601085401202408
040601085409202408
040601086201202408
040601086209202408
040601087001202408
040601087009202408
040601088901202408
040601089701202408
040601090001202408
040601090007202408
040601091901202408
040601091907202408
040601091909202408
040601092701202408
040601093501202408
040601094301202408
040601095101202408
040601096001202408
040601096003202408
040601096007202408
040601097801202408
040601097803202408
040601097807202408
040601098601202408
040601099401202408
040601100101202408
040601100109202408
040601101001202408
040601101009202408
040601102801202408
040601102809202408
040601103601202408
040601103609202408
040601104401202408
040601104407202408
040601104409202408
040601105201202408
040601105209202408
040601107901202408
040601108701202408
040601108709202408
040601109501202408
040601109509202408
040601110901202408
040601110909202408
040601111701202408
040601111709202408
040601112501202408
040601112509202408
040601113301202408
040601113307202408
040601113309202408
040601114101202408
040601114109202408
040601115001202408
040601115007202408
040601115009202408
040601116801202408
040601116809202408
040601117601202408
040601117609202408
040601118401202408
040601118409202408
040601119201202408
040601119209202408
040601120601202408
040601121401202408
040601121407202408
040601122201202408
040601122207202408
040601123001202408
040601124901202408
040601125701202408
040601126501202408
040601126507202408
040601127301202408
040601127307202408
040601128101202408
040601128107202408
040601129001202408
040601129007202408
040601130301202408
040601130307202408
040601131101202408
040601131107202408
040601132001202408
040601132007202408
040601133801202408
040601133807202408
040601134601202408
040601134607202408
040601135401202408
040601135407202408
040601136201202408
040601136207202408
040601137001202408
040601137007202408
040601138901202408
040601138907202408
040601139701202408
040601139707202408
040601140001202408
040601140007202408
040601141901202408
040601141907202408
040601142701202408
040601142707202408
040601143501202408
040601143507202408
040601144301202408
040601144307202408
040601145101202408
040601145107202408
040601146001202408
040601146007202408
040601147801202408
040601147807202408
040601148601202408
040601148607202408
040601149401202408
040601149407202408
040601150801202408
040601150807202408
040601151601202408
040601151607202408
040602001901202408
040602001907202408
040602002701202408
040602002707202408
040602003501202408
040602003507202408
040602004301202408
040602004307202408
040602005101202408
040602005107202408
040602007801202408
040602007807202408
040602007809202408
040602010801202408
040602011601202408
040602011607202408
040602011609202408
040602012401202408
040602012407202408
040602015901202408
040602015907202408
040602015909202408
040602016701202408
040602016707202408
040602016709202408
040602019101202408
040602019107202408
040602021301202408
040602022101202408
040602023001202408
040602024801202408
040602024807202408
040602025601202408
040602025607202408
040602026401202408
040602026407202408
040602027201202408
040602027207202408
040602028001202408
040602028007202408
040602030201202408
040602030207202408
040602031001202408
040602031007202408
040602032901202408
040602032907202408
040602033701202408
040602033707202408
040602034501202408
040602034507202408
040602035301202408
040602035307202408
040602036101202408
040602036107202408
040602037001202408
040602037007202408
040602038801202408
040602038807202408
040602039601202408
040602039607202408
040602040001202408
040602040007202408
040602041801202408
040602041807202408
040602042601202408
040602042607202408
040602043401202408
040602043407202408
040602044201202408
040602044207202408
040602045001202408
040602046901202408
040602046907202408
040602047701202408
040602047707202408
040602048501202408
040602048507202408
040602049301202408
040602049307202408
040602050701202408
040602050707202408
040602051501202408
040602051507202408
040602052301202408
040602053101202408
040602053107202408
040602054001202408
040602054007202408
040602055801202408
040602055807202408
040602056601202408
040602056607202408
040602056609202408
040602057401202408
040602057407202408
040602057409202408
040602058201202408
040602058207202408
040602059001202408
040602059007202408
040602060401202408
040602060407202408
040602060409202408
040602062001202408
040602062003202408
040602062007202408
040602062009202408
040603001401202408
040603002201202408
040603003001202408
040603004901202408
040603005701202408
040603005707202408
040603006501202408
040603007301202408
040603008101202408
040603008107202408
040603009001202408
040603009007202408
040603010301202408
040603010307202408
040603011101202408
040603011107202408
040603012001202408
040603012007202408
040603013801202408
040603013807202408
040603014601202408
040603014607202408
040603015401202408
040603015407202408
040603016201202408
040604001001202408
040604001007202408
040604002801202408
040604002807202408
040604004401202408
040604004407202408
040604005201202408
040604005207202408
040604006001202408
040604006007202408
040604007901202408
040604007907202408
040604008701202408
040604009501202408
040604010901202408
040604010907202408
040604011701202408
040604011707202408
040604012501202408
040604012507202408
040604013301202408
040604014101202408
040604014107202408
040604015001202408
040604016801202408
040604017601202408
040604018401202408
040604019201202408
040604019207202408
040604020601202408
040604020607202408
040604020609202408
040604021401202408
040604021407202408
040604022201202408
040604022207202408
040604023001202408
040604023007202408
040604024901202408
040604024907202408
040604025701202408
040604025707202408
040604025709202408
040604026501202408
040604026507202408
040604027301202408
040604027307202408
040604027309202408
040604028101202408
040604029001202408
040604029007202408
040604029009202408
040604030301202408
040604030307202408
040604030309202408
040604031101202408
040604031107202408
040604031109202408
040604032001202408
040604032007202408
040604033801202408
040604033807202408
040605001501202408
040605001507202408
040605001509202408
040605002301202408
040605002307202408
040605002309202408
040605003101202408
040605003107202408
040605003109202408
040605004001202408
040605004007202408
040605004009202408
040605005801202408
040605005807202408
040605005809202408
040605006601202408
040605006607202408
040605006609202408
040605007401202408
040605007407202408
040605007409202408
040605008201202408
040605008207202408
040605008209202408
040605009001202408
040605009007202408
040605010401202408
040605010407202408
040605011201202408
040605012001202408
040605012007202408
040605012009202408
040605013901202408
040605013907202408
040605013909202408
040701001701202408
040701001707202408
040701003301202408
040701003307202408
040701004101202408
040701005001202408
040701005007202408
040701006801202408
040701006807202408
040701007601202408
040701008401202408
040701008407202408
040701009201202408
040701009207202408
040701010601202408
040701010607202408
040701011401202408
040701011407202408
040701012201202408
040701013001202408
040701014901202408
040701015701202408
040701015707202408
040701016501202408
040701016507202408
040701017301202408
040701018101202408
040701019001202408
040701019007202408
040701020301202408
040701020307202408
040701021101202408
040701021107202408
040701021109202408
040701022001202408
040701022007202408
040701022009202408
040701023801202408
040701023807202408
040701027001202408
040701027007202408
040701028901202408
040701029701202408
040701029707202408
040701030001202408
040701033501202408
040701033507202408
040701034301202408
040701034307202408
040701035101202408
040701035107202408
040701036001202408
040701037801202408
040701038601202408
040702001201202408
040702002001202408
040702003901202408
040702003907202408
040702004701202408
040702004707202408
040702006301202408
040702006307202408
040702007101202408
040702007107202408
040702008001202408
040702008007202408
040702009801202408
040702009807202408
040702010101202408
040702010107202408
040702011001202408
040702011007202408
040702011009202408
040702013601202408
040702013607202408
040702013609202408
040702014401202408
040702014407202408
040702014409202408
040702015201202408
040702015207202408
040702017901202408
040702017907202408
040702018701202408
040702018707202408
040702019501202408
040702019507202408
040702020901202408
040702020907202408
040702021701202408
040702021709202408
040702022501202408
040702022507202408
040702022509202408
040702023301202408
040702023307202408
040702024101202408
040702024107202408
040702025001202408
040702025007202408
040702026801202408
040702026807202408
040702026809202408
040702027601202408
040702027607202408
040702027609202408
040702028401202408
040702028407202408
040702028409202408
040702029201202408
040702029207202408
040702030601202408
040702030607202408
040702032201202408
040702032207202408
040702032209202408
040702033001202408
040702034901202408
040702035701202408
040702036501202408
040702036507202408
040702038101202408
040702038107202408
040702040301202408
040702040307202408
040702041101202408
040702041107202408
040702042001202408
040702042007202408
040702043801202408
040702043807202408
040702044601202408
040702044607202408
040702045401202408
040702045407202408
040702045409202408
040702046201202408
040702046207202408
040702047001202408
040702047007202408
040702047009202408
040703001801202408
040703001807202408
040703002601202408
040703002607202408
040703003401202408
040703003407202408
040703003409202408
040703004201202408
040703004207202408
040703005001202408
040703005007202408
040703006901202408
040703006907202408
040703007701202408
040703007707202408
040703007709202408
040703012301202408
040703012307202408
040703013101202408
040703013107202408
040703014001202408
040703014007202408
040703015801202408
040703015807202408
040703016601202408
040703016607202408
040703017401202408
040703017407202408
040703018201202408
040703018207202408
040703019001202408
040703019007202408
040703020401202408
040703021201202408
040703022001202408
040703024701202408
040703025501202408
040703025507202408
040704001301202408
040704001307202408
040704002101202408
040704002107202408
040704003001202408
040704003007202408
040704004801202408
040704004807202408
040704005601202408
040704005607202408
040704006401202408
040704006407202408
040704006409202408
040704007201202408
040704007207202408
040704007209202408
040704008001202408
040704008007202408
040704008009202408
040704009901202408
040704009907202408
040704009909202408
040704010201202408
040704010207202408
040704010209202408
040704011001202408
040704011007202408
040704011009202408
040704012901202408
040704012907202408
040704012909202408
040704013701202408
040704013707202408
040704013709202408
040704014501202408
040704014507202408
040704014509202408
040704015301202408
040704015307202408
040704015309202408
040704016101202408
040704016107202408
040704017001202408
040704017007202408
040704017009202408
040704018801202408
040704018807202408
040704020001202408
040704020007202408
040704022601202408
040704022607202408
040704022609202408
040704023401202408
040704023407202408
040704024201202408
040704024207202408
040704025001202408
040704025007202408
040704026901202408
040704026907202408
040801001001202408
040801001007202408
040801002901202408
040801002907202408
040801003701202408
040801003707202408
040801004501202408
040801005301202408
040801006101202408
040801007001202408
040801007007202408
040801008801202408
040801008807202408
040801009601202408
040801009607202408
040801009609202408
040801010001202408
040801010007202408
040801010009202408
040801011801202408
040801011807202408
040801011809202408
040801013401202408
040801013407202408
040801013409202408
040801014201202408
040801014207202408
040801014209202408
040801015001202408
040801015007202408
040801015009202408
040801016901202408
040801016907202408
040801017701202408
040801017707202408
040801018501202408
040801018507202408
040801018509202408
040801019301202408
040801019307202408
040801020701202408
040801020707202408
040801020709202408
040801021501202408
040801021509202408
040801022301202408
040801022307202408
040801022309202408
040801023101202408
040801023109202408
040802001601202408
040802001607202408
040802002401202408
040802002407202408
040802003201202408
040802003207202408
040802004001202408
040802005901202408
040802006701202408
040802007501202408
040802008301202408
040802009101202408
040802010501202408
040802010507202408
040802010509202408
040802011301202408
040802011307202408
040802012101202408
040802012107202408
040802012109202408
040802013001202408
040802013007202408
040802014801202408
040802014807202408
040802014809202408
040802015601202408
040802015607202408
040802016401202408
040802016407202408
040802016409202408
040802017201202408
040802017207202408
040802017209202408
040802018001202408
040802018007202408
040802018009202408
040802019901202408
040802019907202408
040802019909202408
040802020201202408
040802020207202408
040802020209202408
040802021001202408
040802021007202408
040802022901202408
040802022907202408
040802022909202408
040802024501202408
040802024507202408
040802024509202408
040802025301202408
040802025307202408
040802026101202408
040802026107202408
040802027001202408
040802027007202408
040802028801202408
040802028807202408
040802029601202408
040802029607202408
040802029609202408
040802030001202408
040802030007202408
040802030009202408
040802031801202408
040802031807202408
040802031809202408
040802032601202408
040802032607202408
040802032609202408
040802033401202408
040802033407202408
040802034201202408
040802034207202408
040802034209202408
040802035001202408
040802035007202408
040802036901202408
040802036907202408
040802037701202408
040802037707202408
040802037709202408
040802038501202408
040802038507202408
040802039301202408
040802039307202408
040802040701202408
040802040707202408
040802041501202408
040802041507202408
040802042301202408
040802042307202408
040802043101202408
040802043107202408
040802044001202408
040802044007202408
040802044009202408
040802045801202408
040802045807202408
040802046601202408
040802046607202408
040802047401202408
040802047407202408
040802047409202408
040802048201202408
040802048207202408
040802048209202408
040802049001202408
040802049007202408
040802049009202408
040802050401202408
040802050407202408
040802050409202408
040802051201202408
040802051207202408
040802051209202408
040802052001202408
040802052007202408
040802052009202408
040802053901202408
040802053907202408
040802053909202408
040802054701202408
040802054707202408
040802055501202408
040802055507202408
040802055509202408
040802056301202408
040802056307202408
040802057101202408
040802057107202408
040802058001202408
040802058007202408
040802059801202408
040802059807202408
040802059809202408
040802060101202408
040802060107202408
040802060109202408
040802061001202408
040802061007202408
040802061009202408
040802062801202408
040802062807202408
040802062809202408
040802063601202408
040802063607202408
040802063609202408
040802064401202408
040802064407202408
040802064409202408
040803001101202408
040803001107202408
040803002001202408
040803002007202408
040803003801202408
040803003807202408
040803004601202408
040803005401202408
040803005407202408
040803006201202408
040803006207202408
040803007001202408
040803007007202408
040803008901202408
040803008907202408
040803009701202408
040803009707202408
040803010001202408
040803010007202408
040803011901202408
040803011907202408
040803012701202408
040803012707202408
040803013501202408
040803014301202408
040803015101202408
040803016001202408
040803017801202408
040803017807202408
040803018601202408
040803019401202408
040803020801202408
040803021601202408
040803022401202408
040803023201202408
040803023207202408
040803024001202408
040803024007202408
040803025901202408
040803025907202408
040803026701202408
040803026707202408
040803027501202408
040803027507202408
040803028301202408
040803028307202408
040803029101202408
040803029107202408
040803030501202408
040803030507202408
040803031301202408
040803031307202408
040803032101202408
040803032107202408
040803033001202408
040803033007202408
040803034801202408
040803034807202408
040803035601202408
040803036401202408
040803036407202408
040803037201202408
040803037207202408
040803038001202408
040803038007202408
040803039901202408
040803039907202408
040803040201202408
040803040207202408
040803041001202408
040803041007202408
040803042901202408
040803042907202408
040803043701202408
040803043707202408
040803044501202408
040803044507202408
040803045301202408
040803045307202408
040803046101202408
040803046107202408
040803047001202408
040803047007202408
040803050001202408
040803050007202408
040803051801202408
040803051807202408
040803052601202408
040803052607202408
040803053401202408
040803053407202408
040803054201202408
040803054207202408
040803055001202408
040803055007202408
040803056901202408
040803056907202408
040803057701202408
040803057707202408
040803058501202408
040803058507202408
040803059301202408
040803059307202408
040803060701202408
040803060707202408
040803061501202408
040803061507202408
040803062301202408
040803062307202408
040803063101202408
040803063107202408
040803064001202408
040803064007202408
040803065801202408
040803065807202408
040803066601202408
040803066607202408
040803067401202408
040803067407202408
040803068201202408
040803068207202408
040803069001202408
040803069007202408
040803070401202408
040803071201202408
040803071207202408
040803072001202408
040803072007202408
040803073901202408
040803073907202408
040803074701202408
040803074707202408
040803075501202408
040803075507202408
040803075509202408
040803076301202408
040803076307202408
040803077101202408
040803077107202408
040803078001202408
040803079801202408
040803080101202408
040803080107202408
040803081001202408
040803081007202408
040803082801202408
040803082807202408
040803083601202408
040803083607202408
040803084401202408
040803084407202408
040803085201202408
040803085207202408
040803086001202408
040803086007202408
040803087901202408
040803087907202408
040803088701202408
040803088707202408
040803089501202408
040803089507202408
040803090901202408
040803090907202408
040803091701202408
040803091707202408
040804001701202408
040804001707202408
040804002501202408
040804002507202408
040804003301202408
040804003307202408
040804004101202408
040804004107202408
040804005001202408
040804006801202408
040804007601202408
040804008401202408
040804009201202408
040804010601202408
040804010607202408
040804011401202408
040804011407202408
040804012201202408
040804012207202408
040804013001202408
040804013007202408
040804014901202408
040804014907202408
040804015701202408
040804015707202408
040804016501202408
040804016507202408
040804017301202408
040804017307202408
040804018101202408
040804018107202408
040804018109202408
040804019001202408
040804019007202408
040804019009202408
040804020301202408
040804020307202408
040804022001202408
040804022007202408
040804023801202408
040804023807202408
040804024601202408
040804024607202408
040804025401202408
040804025407202408
040804026201202408
040804026207202408
040804027001202408
040804027007202408
040804028901202408
040804028907202408
040804029701202408
040804029707202408
040804030001202408
040804030007202408
040804031901202408
040804031907202408
040804032701202408
040804032707202408
040804033501202408
040804033507202408
040804034301202408
040804034307202408
040805001201202408
040805001207202408
040805002001202408
040805002007202408
040805003901202408
040805003907202408
040805004701202408
040805004707202408
040805005501202408
040805006301202408
040805007101202408
040805008001202408
040805008007202408
040805010101202408
040805010107202408
040805011001202408
040805011007202408
040805012801202408
040805012807202408
040805013601202408
040805013607202408
040805014401202408
040805014407202408
040805014409202408
040805015201202408
040805015207202408
040805016001202408
040805016007202408
040805016009202408
040805017901202408
040805017907202408
040805019501202408
040805019507202408
040805019509202408
040805020901202408
040805020907202408
040805020909202408
040805021701202408
040805021707202408
040805021709202408
040805022501202408
040805022507202408
040805022509202408
040805023301202408
040805023307202408
040805024101202408
040805024107202408
040805024109202408
040805025001202408
040805025007202408
040805025009202408
040805026801202408
040805026807202408
040805026809202408
040805027601202408
040805027607202408
040805027609202408
040805028401202408
040805028407202408
040805028409202408
040805029201202408
040805029207202408
040805029209202408
040805030601202408
040805030607202408
040805031401202408
040805031407202408
040805032201202408
040805032207202408
040805032209202408
040805033001202408
040805033007202408
040805034901202408
040805034907202408
040805034909202408
040805035701202408
040805035707202408
040805035709202408
040805036501202408
040805036507202408
040805037301202408
040805037307202408
040805037309202408
040805038101202408
040805038107202408
040805039001202408
040805039007202408
040805039009202408
040805040301202408
040805041101202408
040805041107202408
040805042001202408
040805042007202408
040805043801202408
040805043807202408
040805044601202408
040805044607202408
040805044609202408
040805045401202408
040805045407202408
040805046201202408
040805046207202408
040805047001202408
040805047007202408
040805048901202408
040805048907202408
040805049701202408
040805049707202408
040805050001202408
040805050007202408
040805051901202408
040805051907202408
040805052701202408
040805052707202408
040805053501202408
040805053507202408
040805054301202408
040805054307202408
040805055101202408
040805055107202408
040805056001202408
040805056007202408
040805057801202408
040805057807202408
040805058601202408
040805058607202408
040805059401202408
040805059407202408
040805060801202408
040805060807202408
040805061601202408
040805061607202408
040805062401202408
040805062407202408
040805063201202408
040805063207202408
040805064001202408
040805064007202408
040805064009202408
040805065901202408
040805065907202408
040805065909202408
040805066701202408
040805066709202408
040805067501202408
040805067507202408
040805068301202408
040805068307202408
040805069101202408
040805069107202408
040805069109202408
040805070501202408
040805070507202408
040805071301202408
040805071307202408
040805072101202408
040805072107202408
040805073001202408
040805073007202408
040805073009202408
040805074801202408
040805074807202408
040805074809202408
040805075601202408
040805075607202408
040805075609202408
040805076401202408
040805076407202408
040805076409202408
040805077201202408
040805077207202408
040805078001202408
040805078007202408
040805079901202408
040805079907202408
040805080201202408
040805080207202408
040805081001202408
040805081007202408
040805082901202408
040805082907202408
040805082909202408
040805083701202408
040805083707202408
040805084501202408
040805084507202408
040805085301202408
040805085307202408
040805086101202408
040805086107202408
040805087001202408
040805087007202408
040805088801202408
040805088807202408
040805088809202408
040805089601202408
040805089607202408
040805089609202408
040805090001202408
040805091801202408
040805091807202408
040805091809202408
040805092601202408
040805092607202408
040805092609202408
040806001801202408
040806001807202408
040806001809202408
040806002601202408
040806002607202408
040806003401202408
040806003407202408
040806004201202408
040806004207202408
040806004209202408
040806005001202408
040806005007202408
040806005009202408
040806006901202408
040806006907202408
040806007701202408
040806007707202408
040806008501202408
040806008507202408
040806008509202408
040806009301202408
040806009307202408
040806010701202408
040806010707202408
040806011501202408
040806011507202408
040806011509202408
040806012301202408
040806012307202408
040806012309202408
040806013101202408
040806013107202408
040806013109202408
040806014001202408
040806014007202408
040806014009202408
040806015801202408
040806015807202408
040806015809202408
040806016601202408
040806016607202408
040806017401202408
040806017407202408
040806018201202408
040806018207202408
040806019001202408
040806019007202408
040806020401202408
040806020407202408
040806020409202408
040806021201202408
040806021207202408
040806021209202408
040806023901202408
040806023907202408
040806024701202408
040806024707202408
040806025501202408
040806025507202408
040806026301202408
040806026307202408
040806027101202408
040806027107202408
040806028001202408
040806028007202408
040806029801202408
040806029807202408
040806029809202408
040806030101202408
040806030107202408
040806030109202408
040806031001202408
040806031007202408
040806031009202408
040806032801202408
040806032807202408
040806032809202408
040806033601202408
040806033607202408
040806033609202408
040806034401202408
040806034407202408
040806034409202408
040806035201202408
040806035207202408
040806035209202408
040806036001202408
040806036007202408
040806036009202408
040806037901202408
040806037907202408
040806037909202408
040806038701202408
040806038707202408
040806039501202408
040806039507202408
040806039509202408
040806040901202408
040806040907202408
040806040909202408
040806041701202408
040806041707202408
040806041709202408
040806042501202408
040806042507202408
040806042509202408
040806043301202408
040806043307202408
040806043309202408
040806044101202408
040806044107202408
040806044109202408
040806045001202408
040806045007202408
040806045009202408
040806046801202408
040806046807202408
040806046809202408
040806047601202408
040806047607202408
040806047609202408
040806048401202408
040806048407202408
040806048409202408
040806049201202408
040806049207202408
040806050601202408
040806050607202408
040806051401202408
040806051407202408
040806052201202408
040806052207202408
040806053001202408
040806053007202408
040806053009202408
040806054901202408
040806054907202408
040806054909202408
040806055701202408
040806055707202408
040806056501202408
040806056507202408
040806056509202408
040806057301202408
040806057307202408
040806057309202408
040806058101202408
040806058107202408
040806058109202408
040806059001202408
040806059007202408
040806060301202408
040806060307202408
040806060309202408
040806061101202408
040806062001202408
040806062007202408
040806063801202408
040806063807202408
040806063809202408
040806064601202408
040806064607202408
040806066201202408
040806066207202408
040806067001202408
040806067007202408
040806067009202408
040806069701202408
040806069707202408
040806070001202408
040806070007202408
040806070009202408
040901001401202408
040901001407202408
040901002201202408
040901002207202408
040901003001202408
040901003007202408
040901004901202408
040901004907202408
040901005701202408
040901005707202408
040901006501202408
040901006507202408
040901006509202408
040901007301202408
040901007307202408
040901008101202408
040901008107202408
040901009001202408
040901009007202408
040901009009202408
040901012001202408
040901012007202408
040901012009202408
040901013801202408
040901013807202408
040901014601202408
040901014607202408
040901014609202408
040901017001202408
040901017007202408
040901017009202408
040901018901202408
040901018907202408
040901019701202408
040901019707202408
040901020001202408
040901020007202408
040901021901202408
040901022701202408
040901022707202408
040901023501202408
040901023507202408
040901024301202408
040901024307202408
040901025101202408
040901025107202408
040901026001202408
040901026007202408
040901028601202408
040901028607202408
040901029401202408
040901029407202408
040901030801202408
040901030807202408
040901031601202408
040901031607202408
040901032401202408
040901032407202408
040901033201202408
040901033207202408
040901034001202408
040901034007202408
040901036701202408
040901036707202408
040901037501202408
040901037507202408
040901037509202408
040901038301202408
040901038307202408
040901038309202408
040901039101202408
040901039107202408
040901039109202408
040901040501202408
040901040507202408
040901041301202408
040901041307202408
040901043001202408
040901043007202408
040901043009202408
040901045601202408
040901045607202408
040901046401202408
040901046407202408
040901047201202408
040901047207202408
040901048001202408
040901048007202408
040901048009202408
040901049901202408
040901050201202408
040901050207202408
040901051001202408
040901051007202408
040901051009202408
040901052901202408
040901052907202408
040901053701202408
040901053707202408
040901054501202408
040901054507202408
040901055301202408
040901055307202408
040901056101202408
040901056107202408
040901057001202408
040901057007202408
040901058801202408
040901058807202408
040901059601202408
040901059607202408
040901059609202408
040902001001202408
040902001007202408
040902001009202408
040902002801202408
040902002807202408
040902002809202408
040902004401202408
040902004407202408
040902004409202408
040902005201202408
040902005207202408
040902007901202408
040902007907202408
040902007909202408
040902008701202408
040902008707202408
040902008709202408
040902009501202408
040902009507202408
040902009509202408
040902010901202408
040902010907202408
040902010909202408
040902012501202408
040902012507202408
040902012509202408
040902013301202408
040902013307202408
040902013309202408
040902014101202408
040902014107202408
040902014109202408
040902015001202408
040902015007202408
040902015009202408
040902016801202408
040902016807202408
040902016809202408
040902017601202408
040902017607202408
040902017609202408
040903001501202408
040903001509202408
040903002301202408
040903003101202408
040903004001202408
040904001001202408
040904001007202408
040904001009202408
040904003701202408
040904003707202408
040904003709202408
040904004501202408
040904004507202408
040904005301202408
040904005307202408
040904005309202408
040904007001202408
040904007007202408
040904007009202408
040904008801202408
040904008807202408
040904008809202408
040904009601202408
040904009607202408
040904009609202408
040904011801202408
040904011807202408
040904011809202408
040904012601202408
040904012607202408
040904012609202408
040904013401202408
040904013407202408
040904013409202408
040904014201202408
040904014209202408
040904015001202408
040904015007202408
040904015009202408
040904016901202408
040904016907202408
040904016909202408
040904017701202408
040904017707202408
040904017709202408
040904018501202408
040904018507202408
040904018509202408
040904019301202408
040904019307202408
040904019309202408
040904020701202408
040904020707202408
040904020709202408
040904021501202408
040904021507202408
040904021509202408
040904022301202408
040904022309202408
040904023101202408
040904023107202408
040904023109202408
040904024001202408
040904024009202408
040905001601202408
040905001607202408
040905002401202408
040905002407202408
040905002409202408
040905003201202408
040905003209202408
040905004001202408
040905004007202408
040905004009202408
040905007501202408
040905007507202408
040905007509202408
040905008301202408
040905008307202408
040905008309202408
040905009101202408
040905009107202408
040905009109202408
040905010501202408
040905010507202408
040905010509202408
040905011301202408
040905011307202408
040905011309202408
040905013001202408
040905014801202408
040905016401202408
040906001101202408
040906001102202408
040906001107202408
040906001109202408
040906002001202408
040906003801202408
040906003809202408
040906004601202408
040906004607202408
040906004609202408
040906005401202408
040906005402202408
040906005409202408
040906007001202408
040906007002202408
040906007009202408
040906010001202408
040906010007202408
040906011901202408
040906011907202408
040906012701202408
040906012707202408
040906013501202408
040906013507202408
040906014301202408
040906014307202408
040906015101202408
040906015107202408
040906016001202408
040906016007202408
040906017801202408
040906017807202408
040906017809202408
040906018601202408
040906018609202408
040906019401202408
040906019407202408
040906019409202408
040906020801202408
040906020807202408
040906020809202408
040906021601202408
040906021607202408
040906021609202408
040906022401202408
040906022407202408
040906022409202408
040906023201202408
040906023202202408
040906023207202408
040906023209202408
040906024001202408
040906024002202408
040906024007202408
040906024009202408
040906025901202408
040906025902202408
040906025907202408
040906025909202408
040906026701202408
040906026702202408
040906026707202408
040906026709202408
040906027501202408
040906027507202408
040906027509202408
040906028301202408
040906028307202408
040906029101202408
040906031301202408
040906031302202408
040907001701202408
040907001709202408
040907002501202408
040907002509202408
040907003301202408
040907003309202408
040907004101202408
040907004109202408
040907005001202408
040907006801202408
040907006809202408
040907007601202408
040907007609202408
040907008401202408
040907008409202408
040907009201202408
040907009207202408
040907009209202408
040907010601202408
040907010607202408
040907010609202408
040907011401202408
040907011407202408
040907013001202408
040907013007202408
040907013009202408
040907014901202408
040907014907202408
040907014909202408
040907015701202408
040907015707202408
040907015709202408
040907019001202408
040907019009202408
040907020301202408
040907021101202408
040907021107202408
040907022001202408
040907022007202408
040907022009202408
040907023801202408
040907023807202408
040907024601202408
040907024607202408
040907025401202408
040907025407202408
040907026201202408
040907026207202408
040907026209202408
040907027001202408
040907027009202408
040907028901202408
040907028907202408
040907028909202408
040907029701202408
040907030001202408
040907030009202408
040907031901202408
041001001401202408
041001001407202408
041001001409202408
041001005701202408
041001006501202408
041001006507202408
041001006509202408
041001007301202408
041001007307202408
041001007309202408
041001008101202408
041001008107202408
041001008109202408
041001009001202408
041001009009202408
041001011101202408
041001011107202408
041001011109202408
041001012001202408
041001012007202408
041001013801202408
041001014601202408
041001015401202408
041001016201202408
041001019701202408
041001020001202408
041001021901202408
041101001801202408
041101001802202408
041101001809202408
041101002601202408
041101002602202408
041101003401202408
041101003402202408
041101004201202408
041101004202202408
041101005001202408
041101005002202408
041101005009202408
041101007701202408
041101007702202408
041101007709202408
041101008501202408
041101008502202408
041102001301202408
041102001302202408
041102001309202408
041102002101202408
041102002102202408
041102002109202408
041102003001202408
041102003002202408
041102004801202408
041102004802202408
041201001101202408
041201001107202408
041201002001202408
041201002007202408
041201003801202408
041201003807202408
041201003809202408
041201004601202408
041201004607202408
041201004609202408
041201007001202408
041201007007202408
041201008901202408
041201008907202408
041201009701202408
041201009707202408
041201010001202408
041201010007202408
041201011901202408
041201011907202408
041201013501202408
041201013507202408
041201014301202408
041201014307202408
041202001701202408
041202001707202408
041202002501202408
041202002507202408
041202003301202408
041202003307202408
041202005001202408
041202005007202408
041202006801202408
041202006807202408
041202007601202408
041202007607202408
041202008401202408
041202008407202408
041203001201202408
041203001207202408
041203004701202408
041203004707202408
041203008001202408
041203008007202408
041203009801202408
041203009807202408
041203009809202408
041203010101202408
041203010107202408
041203011001202408
041203011007202408
041204001801202408
041204001807202408
041204001809202408
041204002601202408
041204002607202408
041204003401202408
041204003407202408
041204004201202408
041204004207202408
041204005001202408
041204005007202408
041204006901202408
041204006907202408
041204008501202408
041204008507202408
041204008509202408
041204010701202408
041204010707202408
041204011501202408
041204011507202408
041204012301202408
041204012307202408
041204013101202408
041204013107202408
041204015801202408
041204015807202408
041204016601202408
041204016607202408
041204017401202408
041204017407202408
041204018201202408
041204018207202408
041204019001202408
041204019007202408
041204020401202408
041204020407202408
041204021201202408
041204021207202408
041204022001202408
041204022007202408
041204022009202408
041205001301202408
041205001307202408
041205003001202408
041205003007202408
041205004801202408
041205004807202408
041205006401202408
041205006407202408
041205007201202408
041205007207202408
041205008001202408
041205008007202408
041205010201202408
041205010207202408
041205011001202408
041205011007202408
041205013701202408
041205013707202408
041205014501202408
041205014507202408
041205015301202408
041205015307202408
041205016101202408
041205016107202408
041301001501202408
041301001507202408
041301006601202408
041301008201202408
041301008207202408
041301009001202408
041301009007202408
041303001601202408
041303001607202408
041303001609202408
041303002401202408
041303002407202408
041303002409202408
041303003201202408
041303003209202408
041303005901202408
041303005907202408
041303005909202408
041303006701202408
041303006709202408
041303007501202408
041303007509202408
041303008301202408
041303008307202408
041303008309202408
041304002001202408
041304002007202408
041304003801202408
041304004601202408
041304005401202408
041304005409202408
041304006201202408
041304006209202408
041304007001202408
041304007009202408
041304008901202408
041304008909202408
041304009701202408
041304009707202408
041304010001202408
041304010007202408
041304011901202408
041304011907202408
041304011909202408
041304012701202408
041304012707202408
041304012709202408
041304013501202408
041304013507202408
041304013509202408
041304014301202408
041304014307202408
041304014309202408
041304015101202408
041304015107202408
041304015109202408
041304016001202408
041304016007202408
041304017801202408
041304017807202408
041304018601202408
041304018607202408
041304018609202408
041304019401202408
041304019407202408
041304019409202408
041304020801202408
041304020807202408
041304020809202408
041304021601202408
041304021607202408
041304021609202408
041304022401202408
041304022407202408
041304022409202408
041304023201202408
041304023207202408
041304023209202408
041304024001202408
041304024007202408
041304025901202408
041304025909202408
041304026701202408
041401002701202408
041401003501202408
041401025601202408
041401025607202408
041401025609202408
041401027201202408
041401027207202408
041401027209202408
041401032901202408
041401032907202408
041401032909202408
041401034501202408
041401034507202408
041401034509202408
041402002201202408
041402002203202408
041402002207202408
041402002209202408
041402003001202408
041402003003202408
041402003007202408
041402003009202408
041402004901202408
041402004903202408
041402004907202408
041402004909202408
041402005701202408
041402005703202408
041402005707202408
041402005709202408
041402006501202408
041402006503202408
041402006507202408
041402006509202408
041402007301202408
041402007303202408
041402007307202408
041402007309202408
041402008101202408
041402008103202408
041402008107202408
041402008109202408
041402009001202408
041402009003202408
041402009007202408
041402009009202408
041402014601202408
041402014603202408
041402014607202408
041402014609202408
041402015401202408
041402015403202408
041402015407202408
041402015409202408
041402016201202408
041402016203202408
041402016207202408
041402016209202408
041402020001202408
041402020003202408
041402020007202408
041402020009202408
041402021901202408
041402021903202408
041402021907202408
041402021909202408
041402024301202408
041402024303202408
041402024307202408
041402024309202408
041402027801202408
041402027803202408
041402027807202408
041402027809202408
041402029401202408
041402029403202408
041402029407202408
041402029409202408
041402036701202408
041402036703202408
041402036707202408
041402036709202408
041402037501202408
041402037503202408
041402037507202408
041402037509202408
041402041301202408
041402041303202408
041402041307202408
041402041309202408
041501001201202408
041501001207202408
041502001801202408
041502003401202408
041502003407202408
041502004201202408
041502004207202408
041502005001202408
041502005007202408
041502006901202408
041502006907202408
041502007701202408
041502007707202408
041502008501202408
041503001301202408
041503001307202408
041504002701202408
041504002707202408
041504003501202408
041504003507202408
041601001601202408
041601001607202408
041601002401202408
041601002407202408
041601004001202408
041601004007202408
041601007501202408
041601007507202408
041601009101202408
041601009107202408
041601011301202408
041601011307202408
041601011309202408
041601012101202408
041601013001202408
041601016401202408
041601016407202408
041601017201202408
041601017207202408
041601017209202408
041601018001202408
041601018007202408
041601019901202408
041601019907202408
041601020201202408
041601020207202408
041601021001202408
041601021007202408
041601022901202408
041601022907202408
041602002001202408
041602002007202408
041602015101202408
041602015107202408
041602016001202408
041602016007202408
041602017801202408
041602017807202408
041602017809202408
041602018601202408
041602018607202408
041602018609202408
041602019401202408
041602019407202408
041602020801202408
041602020807202408
041602021601202408
041602021607202408
041602021609202408
041602022401202408
041602022407202408
041602023201202408
041602023207202408
041602024001202408
041602024007202408
041602024009202408
041602025901202408
041602025907202408
041603002501202408
041603002507202408
041603002509202408
041603003301202408
041603003307202408
041603003309202408
041603004101202408
041603004107202408
041603004109202408
041603006801202408
041603006807202408
041603007601202408
041603008401202408
041603008407202408
041603009201202408
041603009207202408
041603014901202408
041603014907202408
041603014909202408
041603015701202408
041603015707202408
041603015709202408
041603016501202408
041603016507202408
041603017301202408
041603017307202408
041603018101202408
041603018107202408
041603019001202408
041603020301202408
041603020307202408
041603021101202408
041603021107202408
041603022001202408
041603022007202408
041603023801202408
041603023807202408
041603024601202408
041603024607202408
041603025401202408
041603026201202408
041603027001202408
041603027007202408
041603028901202408
041603029701202408
041603030001202408
041603030007202408
041603031901202408
041603031907202408
041603032701202408
041603032707202408
041603032709202408
041603033501202408
041603033507202408
041603033509202408
041603034301202408
041603034307202408
041603035101202408
041603035107202408
041603035109202408
041603036001202408
041603036007202408
041604001201202408
041604001207202408
041604002001202408
041604002007202408
041604003901202408
041604003907202408
041604004701202408
041604004707202408
041604005501202408
041604005507202408
041604007101202408
041604007107202408
041604010101202408
041604010107202408
041604011001202408
041604011007202408
041604012801202408
041604012807202408
041604014401202408
041604014407202408
041604017901202408
041604017909202408
041604018701202408
041604018709202408
041604019501202408
041604019509202408
041604020901202408
041604020907202408
041604021701202408
041604021707202408
041604022501202408
041604022507202408
041604023301202408
041604023307202408
041604024101202408
041604024107202408
041604025001202408
041604025007202408
041604026801202408
041604026807202408
041604027601202408
041604027607202408
041604028401202408
041604029201202408
041604030601202408
041605001801202408
041605001807202408
041605002601202408
041605002607202408
041605003401202408
041605003407202408
041605005001202408
041605005007202408
041605007701202408
041605007707202408
041605009301202408
041605009307202408
041605010701202408
041605010707202408
041605011501202408
041605011507202408
041606001301202408
041606001307202408
041606001309202408
041606002101202408
041606002107202408
041606003001202408
041606003007202408
041606005601202408
041606005607202408
041606006401202408
041606006407202408
041606008001202408
041606008007202408
041606009901202408
041606009907202408
041606010201202408
041606010207202408
041606011001202408
041606011007202408
041606012901202408
041606012907202408
041608001401202408
041608001407202408
041608001409202408
041608003001202408
041608003007202408
041608003009202408
041608008101202408
041608008107202408
041608009001202408
041608009007202408
041608011101202408
041608011107202408
041608012001202408
041608012007202408
041608012009202408
041609001001202408
041609001007202408
041609002801202408
041609002807202408
041609003601202408
041609003607202408
041609007901202408
041609007907202408
041609010901202408
041609010907202408
041609011701202408
041609011707202408
041609012501202408
041609012507202408
041609013301202408
041609013307202408
041611001001202408
041611001007202408
041611002901202408
041611002907202408
041611003701202408
041611003707202408
041611004501202408
041611004507202408
041611005301202408
041611005307202408
041611006101202408
041611006107202408
041611007001202408
041611007007202408
041611008801202408
041611008807202408
041612002401202408
041612003201202408
041612004001202408
041612004009202408
041612005901202408
041612005909202408
050103006901202408
050103006903202408
050103006907202408
050201001074202408
050201001075202408
050201001076202408
050201001077202408
050201001078202408
050201001079202408
050201002977202408
050201002978202408
050201002979202408
050201002980202408
050201002981202408
050201002982202408
050301001401202408
050301001403202408
050301001474202408
050301001475202408
050301001476202408
050301001477202408
050301001478202408
050301001479202408
050301001480202408
050301001481202408
050301001482202408
050301002201202408
050301002274202408
050301002275202408
050301002276202408
050301002277202408
050301002278202408
050301002279202408
050301002280202408
050301002281202408
050301002282202408
050302001001202408
050302002801202408
050303001574202408
050303001575202408
050303001576202408
050303001577202408
050303001578202408
050303001579202408
050303001580202408
050303001581202408
050303001582202408
050303002301202408
050303002374202408
050303002375202408
050303002376202408
050303002377202408
050303002378202408
050303002379202408
050303002380202408
050303002381202408
050303002382202408
050303003101202408
050303003174202408
050303003175202408
050303003176202408
050303003177202408
050303003178202408
050303003179202408
050303003180202408
050303003181202408
050303003182202408
050303004001202408
050303004074202408
050303004075202408
050303004076202408
050303004077202408
050303004078202408
050303004080202408
050303004081202408
050303004082202408
050303005801202408
050303005874202408
050303005875202408
050303005876202408
050303005877202408
050303005878202408
050303005879202408
050303005880202408
050303005881202408
050303005882202408
050303006601202408
050303006674202408
050303006675202408
050303006676202408
050303006677202408
050303006678202408
050303006679202408
050303006680202408
050303006681202408
050303006682202408
050303007401202408
050303007474202408
050303007475202408
050303007476202408
050303007477202408
050303007478202408
050303007479202408
050303007480202408
050303007481202408
050303007482202408
050303008201202408
050303008274202408
050303008275202408
050303008276202408
050303008277202408
050303008278202408
050303008279202408
050303008280202408
050303008281202408
050303008282202408
050303009001202408
050303009074202408
050303009075202408
050303009076202408
050303009077202408
050303009078202408
050303009079202408
050303009080202408
050303009081202408
050303009082202408
050303010401202408
050303010474202408
050303010475202408
050303010476202408
050303010477202408
050303010478202408
050303010479202408
050303010480202408
050303010481202408
050303010482202408
050304004574202408
050304004575202408
050304004576202408
050304004577202408
050304004578202408
050304004579202408
050304004580202408
050304004581202408
050304004582202408
050501001103202408
050501001107202408
050501002003202408
050501002007202408
050501003803202408
050501003807202408
050501004603202408
050501004607202408
050501005403202408
050501005407202408
050501006203202408
050501006207202408
050501007003202408
050501007007202408
050501008903202408
050501008907202408
050501009701202408
050501009707202408
050501009709202408
050501012701202408
050501012707202408
050501012709202408
050501013501202408
050501013507202408
050501013509202408
050502004101202408
050502004107202408
050502005001202408
050502005007202408
050502006801202408
050502007601202408
050502008401202408
050502009201202408
050502010601202408
050502012201202408
050602001012202408
050602002912202408
050602003712202408
050602004503202408
050602004507202408
050602004509202408
050602004512202408
050602005301202408
050602005303202408
050602005307202408
050602006101202408
050602006103202408
050602006107202408
050602007001202408
050602007003202408
050602007007202408
050602009601202408
050602009603202408
050602009607202408
050602010001202408
050602010003202408
050602010007202408
050602011801202408
050602011803202408
050602011807202408
050602013401202408
050602013403202408
050602013407202408
070209005001202408
070209005007202408
070209006901202408
070209006907202408
080201006765202408
080201007579202408
080201008375202408
080201009176202408
080201010574202408
080201011383202408
080201012181202408
080201013082202408
080201014877202408
080201015678202408
080201016480202408
080201021085202408
080201022986202408
080201023792202408
080201024593202408
080201025387202408
080201026187202408
080201027087202408
080201032696202408
